0 0 0.002 3.89066743850708 0.0219435736677116
0 200 0.002 3.317723512649536 0.08227848101265822
0 400 0.002 3.316884756088257 0.10670731707317073
0 600 0.002 3.232542037963867 0.12578616352201258
0 800 0.002 2.7059035301208496 0.23314606741573032
0 1000 0.002 2.255499839782715 0.3525835866261398
0 1200 0.002 1.431991457939148 0.5344827586206896
0 1400 0.002 1.372995376586914 0.5988023952095808
0 1600 0.002 1.2689276933670044 0.6179104477611941
0 1800 0.002 0.6545876264572144 0.8092307692307692
0 2000 0.002 0.44510525465011597 0.8704819277108434
0 2200 0.002 0.4803517460823059 0.8235294117647058
0 2400 0.002 0.2137487232685089 0.9333333333333333
0 2600 0.002 0.2784925699234009 0.9320388349514563
0 2800 0.002 0.43635499477386475 0.8678678678678678
0 3000 0.002 0.37347134947776794 0.8616352201257862
0 3200 0.002 0.34140264987945557 0.8823529411764706
0 3400 0.002 0.6617925763130188 0.8210862619808307
0 3600 0.002 0.4447556436061859 0.8742690058479532
0 3800 0.002 0.1977377086877823 0.9299719887955182
0 4000 0.002 0.2163238674402237 0.9283667621776505
0 4200 0.002 0.23086710274219513 0.9329446064139941
0 4400 0.002 0.25690028071403503 0.9357798165137615
0 4600 0.002 0.1372770518064499 0.9484240687679083
0 4800 0.002 0.11448542028665543 0.9775641025641025
0 5000 0.002 0.223732590675354 0.9303030303030303
0 5200 0.002 0.09782995283603668 0.965625
0 5400 0.002 0.08955708891153336 0.964968152866242
0 5600 0.002 0.15391509234905243 0.939873417721519
0 5800 0.002 0.19301052391529083 0.9455587392550143
0 6000 0.002 0.1319718062877655 0.9472140762463344
0 6200 0.002 0.09985609352588654 0.9707602339181286
0 6400 0.002 0.09126672893762589 0.9744318181818182
0 6600 0.002 0.11113450676202774 0.98
0 6800 0.002 0.09819181263446808 0.9792284866468842
0 7000 0.002 0.06377438455820084 0.9772727272727273
0 7200 0.002 0.2318825125694275 0.939873417721519
0 7400 0.002 0.05805319920182228 0.9846625766871165
0 7600 0.002 0.270774245262146 0.9014925373134328
0 7800 0.002 0.04591795802116394 0.9841772151898734

0 8000 0.002 0.031861331313848495 0.9912536443148688

0 8200 0.002 0.331620991230011 0.9141104294478528
0 8400 0.002 0.06191776692867279 0.9882697947214076
0 8600 0.002 0.07360132038593292 0.9761904761904762
怎么动态保存模型啊？？？